124,5
124,4
124,3
124,2
124,1
124,0
123,4
123,3
123,2
123,1
123,0
122,4
122,3
122,2
122,1
122,0
121,7
121,6
121,5
121,4
121,3
121,2
121,1
121,0
120,4
120,3
120,2
120,1
120,0
119,5
119,4
119,3
119,2
119,1
119,0
118,34
118,33
118,32
118,30
118,28
118,27
118,26
118,25
118,24
118,23
118,22
118,21
118,20
118,19
118,18
118,17
118,16
118,15
118,14
118,13
118,12
118,11
118,10
118,9
118,8
118,7
118,6
118,5
118,4
118,3
118,2
118,1
118,0
117,3
117,2
117,1
117,0
116,5
116,4
116,3
116,2
116,1
116,0
115,7
115,6
115,5
115,4
115,3
115,2
115,1
115,0
114,4
114,3
114,2
114,1
114,0
113,4
113,3
113,2
113,1
113,0
112,5
112,4
112,3
112,2
112,1
112,0
111,5
111,4
111,3
111,2
111,1
111,0
110,4
110,3
110,2
110,1
110,0
109,5
109,4
109,3
109,2
109,1
109,0
108,20
108,19
108,18
108,17
108,16
108,15
108,14
108,13
108,11
108,10
108,9
108,7
108,6
108,5
108,4
108,3
108,2
108,1
108,0
107,3
107,2
107,1
107,0
106,10
106,9
106,8
106,7
106,6
106,5
106,4
106,3
106,2
106,1
106,0
105,5
105,4
105,3
105,2
105,1
105,0
104,6
104,5
104,4
104,3
104,2
104,1
104,0
103,6
103,5
103,4
103,3
103,2
103,1
103,0
102,3
102,2
102,1
102,0
101,4
101,3
101,2
101,1
101,0
100,4
100,3
100,2
100,1
100,0
99,6
99,5
99,4
99,3
99,2
99,1
99,0
98,10
98,9
98,8
98,7
98,6
98,5
98,4
98,3
98,2
98,1
98,0
7,3
7,2
7,1
7,0
6,6
6,5
6,4
6,3
6,2
6,1
6,0
5,13
5,12
5,10
5,9
5,8
5,3
5,2
5,1
5,0
4,3
4,2
4,1
4,0
3,2
2,2
1,2
0,53
0,9
0,2
125,0
125,1
125,3
125,4
125,6
125,7
125,10
125,13
125,14
125,16
125,17
125,19
125,21
125,22
125,24
125,25
125,27
125,28
125,30
125,32
125,33
125,35
125,36
125,38
125,40
125,41
125,43
125,44
125,46
125,47
126,0
126,2
126,3
127,1
127,2
128,0
128,2
128,3
128,5
129,0
129,2
129,3
130,1
130,3
130,4
130,6
130,7
131,1
131,3
131,4
132,0
132,1
132,3
132,5
132,6
133,0
133,1
133,3
133,4
133,6
134,0
134,1
134,3
134,4
134,6
135,1
135,2
135,4
135,5
136,1
136,2
136,4
137,0
137,1
137,3
137,4
137,6
138,0
138,1
138,3
138,4
138,5
138,2
137,7
137,5
137,2
136,5
136,3
136,0
135,3
135,0
134,5
134,2
133,7
133,5
133,2
132,7
132,4
132,2
131,5
131,2
131,0
130,5
130,2
130,0
129,1
128,4
128,1
127,3
127,0
126,1
125,48
125,45
125,42
125,39
125,37
125,34
125,31
125,29
125,26
125,23
125,20
125,18
125,15
125,11
125,9
125,5
125,2
1,45
3,44
2,44
1,44
3,43
2,43
1,43
3,42
2,42
1,42
3,41
2,41
1,41
3,40
2,40
1,40
3,39
2,39
1,39
3,38
2,38
1,38
3,37
2,37
1,37
3,36
2,36
1,36
3,35
2,35
1,35
3,34
2,34
1,34
3,33
2,33
1,33
3,32
2,32
1,32
3,31
2,31
1,31
3,30
2,30
1,30
3,29
2,29
1,29
3,28
2,28
1,28
3,27
2,27
1,27
3,26
2,26
1,26
3,25
2,25
1,25
3,24
2,24
1,24
3,23
2,23
1,23
3,22
2,22
1,22
3,21
2,21
1,21
3,20
2,20
1,20
3,19
2,19
1,19
3,18
2,18
1,18
3,17
2,17
1,17
3,16
2,16
1,16
3,15
2,15
1,15
3,14
2,14
1,14
3,13
2,13
1,13
3,12
2,12
1,12
3,11
2,11
1,11
3,10
2,10
1,10
3,9
2,9
1,9
3,8
2,8
1,8
3,7
2,7
1,7
3,6
2,6
1,6
3,5
2,5
1,5
3,4
2,4
1,4
3,3
3,0
2,3
2,0
1,3
1,0
0,6
0,0
0,47
0,46
0,49
0,48
0,45
0,12
0,52
0,10
0,8
0,11
0,5
0,7
0,4
0,3
